23.255997 1.777542 99
41.468750 1.565071 199
50.906250 1.152100 299
58.593750 1.207535 399
59.867188 1.050260 499
62.351562 0.929103 599
64.984375 1.084363 699
68.979779 0.944626 799
68.773438 0.856492 899
70.828125 1.132596 999
71.500000 0.777894 1099
74.368990 0.758060 1199
74.687500 0.662905 1299
76.062500 0.836843 1399
75.617188 0.709470 1499
78.169643 0.552186 1599
78.773438 0.618868 1699
78.406250 0.599189 1799
78.765625 0.597562 1899
80.397727 0.506518 1999
80.703125 0.608774 2099
80.343750 0.493789 2199
81.148438 0.509349 2299
81.706958 0.442630 2399
82.562500 0.495295 2499
82.562500 0.502373 2599
82.242188 0.549629 2699
83.631552 0.476649 2799
83.945312 0.625111 2899
83.625000 0.479416 2999
83.562500 0.400330 3099
84.804137 0.405411 3199
84.921875 0.495824 3299
84.484375 0.479916 3399
85.125000 0.426021 3499
86.044922 0.326642 3599
85.414062 0.351848 3699
85.632812 0.315883 3799
85.562500 0.443182 3899
86.253511 0.350508 3999
86.460938 0.300671 4099
86.765625 0.461508 4199
86.453125 0.414642 4299
87.013712 0.372484 4399
86.992188 0.472472 4499
86.937500 0.362654 4599
88.392857 0.229455 4699
88.015625 0.424820 4799
87.414062 0.336012 4899
87.875000 0.307184 4999
88.818359 0.305209 5099
88.937500 0.214475 5199
88.250000 0.381294 5299
88.507812 0.319096 5399
88.375000 0.258394 5499
89.117188 0.221466 5599
89.195312 0.295922 5699
88.367188 0.336544 5799
90.349265 0.346621 5899
89.453125 0.385986 5999
89.148438 0.290655 6099
88.585938 0.443030 6199
90.279797 0.337740 6299
89.773438 0.180324 6399
89.875000 0.171162 6499
88.789062 0.323262 6599
90.850361 0.425745 6699
90.484375 0.201165 6799
90.007812 0.328319 6899
89.765625 0.398590 6999
91.393443 0.214840 7099
90.398438 0.267233 7199
90.039062 0.233338 7299
90.132812 0.338755 7399
91.194196 0.199245 7499
90.820312 0.293346 7599
90.585938 0.308876 7699
90.890625 0.199568 7799
91.693038 0.131568 7899
91.507812 0.316102 7999
91.000000 0.301108 8099
91.117188 0.278654 8199
91.796875 0.204695 8299
91.234375 0.257556 8399
91.171875 0.279607 8499
91.640625 0.213600 8599
92.429124 0.279426 8699
91.953125 0.431382 8799
91.765625 0.199373 8899
91.927083 0.296190 8999
92.375000 0.339474 9099
92.218750 0.220675 9199
91.828125 0.288771 9299
92.812500 0.165035 9399
92.921875 0.177989 9499
92.679688 0.233670 9599
92.250000 0.180168 9699
93.326823 0.123097 9799
92.859375 0.176993 9899
92.742188 0.218022 9999
92.546875 0.190536 10099
93.158144 0.196924 10199
92.929688 0.235283 10299
92.578125 0.286342 10399
92.515625 0.272968 10499
93.526786 0.125347 10599
92.789062 0.214986 10699
92.828125 0.206194 10799
92.757812 0.152010 10899
93.367034 0.238255 10999
93.421875 0.256349 11099
93.140625 0.200394 11199
92.976562 0.263650 11299
93.424479 0.141041 11399
93.750000 0.219498 11499
93.421875 0.072394 11599
93.296875 0.182551 11699
94.270833 0.146678 11799
93.671875 0.154115 11899
93.335938 0.219699 11999
93.664062 0.152997 12099
94.401042 0.171488 12199
93.687500 0.208520 12299
93.664062 0.168492 12399
93.421875 0.177448 12499
94.306753 0.200743 12599
94.257812 0.203458 12699
93.750000 0.202270 12799
94.046875 0.173588 12899
94.140625 0.184973 12999
94.046875 0.173425 13099
93.945312 0.182848 13199
93.750000 0.241974 13299
94.632812 0.122202 13399
94.359375 0.078465 13499
93.929688 0.154922 13599
95.033482 0.059095 13699
94.710938 0.173381 13799
94.476562 0.154496 13899
94.031250 0.080998 13999
95.584239 0.050767 14099
95.101562 0.176474 14199
94.335938 0.093249 14299
94.398438 0.162744 14399
94.555664 0.127552 14499
94.929688 0.145388 14599
94.210938 0.179800 14699
94.585938 0.144204 14799
95.312500 0.088736 14899
94.890625 0.144102 14999
95.273438 0.188880 15099
95.023438 0.207820 15199
95.187500 0.217499 15299
95.414062 0.109264 15399
95.031250 0.107051 15499
94.437500 0.177752 15599
95.683263 0.068349 15699
95.445312 0.081754 15799
95.351562 0.141121 15899
95.023438 0.187421 15999
95.392923 0.133168 16099
95.578125 0.081685 16199
95.234375 0.146810 16299
94.968750 0.213714 16399
95.829951 0.190699 16499
95.562500 0.286464 16599
95.312500 0.152127 16699
95.132812 0.118612 16799
95.803052 0.187563 16899
95.476562 0.095417 16999
95.210938 0.180307 17099
95.062500 0.084204 17199
95.731908 0.136317 17299
95.382812 0.176737 17399
95.421875 0.128418 17499
95.898438 0.193749 17599
95.937500 0.107419 17699
95.585938 0.169734 17799
95.242188 0.049187 17899
96.033654 0.070596 17999
95.898438 0.173347 18099
96.148438 0.196177 18199
95.109375 0.152815 18299
96.697443 0.119097 18399
96.187500 0.091278 18499
95.921875 0.166909 18599
95.765625 0.126094 18699
97.001008 0.116942 18799
95.984375 0.126913 18899
95.976562 0.085306 18999
96.125000 0.120562 19099
96.972656 0.129136 19199
96.414062 0.099591 19299
96.203125 0.084350 19399
95.804688 0.146810 19499
95.774872 0.130434 19599
96.062500 0.170352 19699
96.242188 0.117822 19799
95.539062 0.125590 19899
96.443966 0.042156 19999
96.507812 0.118173 20099
96.203125 0.054019 20199
96.007812 0.073693 20299
96.723414 0.105884 20399
96.437500 0.066608 20499
96.023438 0.117022 20599
96.375000 0.110460 20699
96.741365 0.131934 20799
96.664062 0.066628 20899
96.273438 0.127853 20999
96.117188 0.118144 21099
96.691176 0.121100 21199
96.296875 0.092526 21299
96.265625 0.071843 21399
96.265625 0.073861 21499
96.833444 0.093104 21599
96.117188 0.133178 21699
96.429688 0.083922 21799
96.093750 0.104554 21899
96.773438 0.046065 21999
96.710938 0.049605 22099
96.460938 0.078046 22199
96.809896 0.226912 22299
96.781250 0.054001 22399
96.328125 0.114049 22499
96.617188 0.048200 22599
97.172619 0.052137 22699
96.945312 0.039069 22799
96.632812 0.119561 22899
96.789062 0.099732 22999
97.109375 0.119540 23099
96.750000 0.033926 23199
96.578125 0.088832 23299
96.593750 0.096159 23399
96.915064 0.050089 23499
97.101562 0.089061 23599
96.757812 0.113523 23699
97.156250 0.078431 23799
97.265625 0.121054 23899
96.750000 0.048144 23999
96.671875 0.088531 24099
96.710938 0.087873 24199
97.080592 0.065141 24299
97.312500 0.045379 24399
96.570312 0.104109 24499
97.015625 0.154995 24599
97.052557 0.196637 24699
97.171875 0.062314 24799
96.851562 0.184997 24899
96.648438 0.197905 24999
97.020833 0.057144 25099
97.218750 0.071659 25199
96.984375 0.049145 25299
96.726562 0.091831 25399
97.563244 0.048353 25499
96.859375 0.060845 25599
96.890625 0.057725 25699
96.867188 0.142065 25799
96.917003 0.046694 25899
97.015625 0.069409 25999
97.398438 0.084523 26099
96.875000 0.125853 26199
97.257812 0.193631 26299
97.226562 0.041935 26399
97.187500 0.043893 26499
97.514205 0.086361 26599
97.132812 0.090895 26699
97.250000 0.103826 26799
97.250000 0.087272 26899
97.421875 0.030943 26999
97.015625 0.124202 27099
97.007812 0.174836 27199
97.046875 0.059606 27299
97.898707 0.058545 27399
97.242188 0.094731 27499
97.132812 0.111604 27599
97.375000 0.095580 27699
97.594572 0.101334 27799
97.804688 0.063688 27899
97.281250 0.124323 27999
97.156250 0.046531 28099
97.772606 0.043033 28199
97.625000 0.029802 28299
97.195312 0.052281 28399
97.320312 0.064825 28499
97.726004 0.084624 28599
97.515625 0.064412 28699
97.359375 0.063946 28799
97.367188 0.049578 28899
97.259615 0.029013 28999
97.812500 0.035722 29099
97.476562 0.059284 29199
97.234375 0.111211 29299
97.466216 0.090287 29399
97.609375 0.082314 29499
97.765625 0.162173 29599
97.453125 0.019254 29699
97.628012 0.075821 29799
97.593750 0.061160 29899
97.437500 0.082734 29999
97.078125 0.060469 30099
97.673234 0.061653 30199
97.453125 0.017871 30299
97.359375 0.052627 30399
98.437500 0.030924 30499
97.601562 0.040201 30599
97.632812 0.129925 30699
97.625000 0.047197 30799
97.343750 0.059960 30899
97.742188 0.031305 30999
97.367188 0.062228 31099
97.570312 0.058224 31199
98.067434 0.024550 31299
97.687500 0.069927 31399
97.789062 0.053786 31499
97.578125 0.050923 31599
97.628348 0.075181 31699
97.984375 0.044783 31799
97.468750 0.085134 31899
97.898438 0.032882 31999
97.487331 0.072826 32099
97.828125 0.039225 32199
97.453125 0.053550 32299
97.812500 0.052820 32399
97.690217 0.063060 32499
97.757812 0.080235 32599
97.796875 0.064569 32699
97.585938 0.038030 32799
97.954545 0.030067 32899
97.726562 0.041146 32999
97.765625 0.084245 33099
97.601562 0.045759 33199
98.034668 0.016818 33299
97.875000 0.064548 33399
97.882812 0.062107 33499
97.335938 0.062387 33599
98.298373 0.116543 33699
98.085938 0.038182 33799
97.601562 0.022539 33899
97.773438 0.047195 33999
97.799162 0.018413 34099
97.906250 0.080736 34199
97.960938 0.047225 34299
97.726562 0.048754 34399
98.094093 0.033116 34499
97.968750 0.057570 34599
97.789062 0.024446 34699
97.725847 0.071650 34799
98.085938 0.072189 34899
98.070312 0.068561 34999
97.640625 0.058697 35099
97.569444 0.015629 35199
97.937500 0.093739 35299
97.781250 0.075271 35399
97.718750 0.048110 35499
97.873264 0.100195 35599
98.109375 0.033762 35699
98.085938 0.026163 35799
97.851562 0.036158 35899
97.714120 0.103461 35999
98.117188 0.032639 36099
97.976562 0.070045 36199
97.960938 0.091383 36299
98.567708 0.024085 36399
98.093750 0.102548 36499
97.851562 0.082916 36599
97.820312 0.059620 36699
98.159722 0.160948 36799
98.140625 0.109726 36899
98.093750 0.057791 36999
97.953125 0.039684 37099
98.061343 0.093975 37199
98.226562 0.045761 37299
97.703125 0.055300 37399
98.117188 0.034670 37499
98.028274 0.091741 37599
98.242188 0.063451 37699
98.109375 0.052009 37799
97.890625 0.086312 37899
98.546007 0.029358 37999
97.898438 0.084686 38099
98.000000 0.059314 38199
98.140625 0.060305 38299
98.369985 0.047979 38399
98.132812 0.085145 38499
98.109375 0.049710 38599
98.078125 0.075778 38699
98.298611 0.070852 38799
98.179688 0.032871 38899
97.757812 0.048360 38999
97.945312 0.041044 39099
98.421717 0.012210 39199
98.375000 0.051255 39299
98.148438 0.050011 39399
98.046875 0.032531 39499
98.218750 0.030498 39599
98.117188 0.046097 39699
98.187500 0.050851 39799
98.437500 0.030036 39899
98.320312 0.055302 39999
98.140625 0.052029 40099
98.062500 0.025600 40199
98.287260 0.038142 40299
98.117188 0.056884 40399
98.015625 0.037515 40499
98.281250 0.035582 40599
98.504464 0.088536 40699
98.320312 0.068268 40799
98.234375 0.048478 40899
97.984375 0.084209 40999
98.082386 0.028351 41099
98.359375 0.034451 41199
98.273438 0.051857 41299
98.039062 0.032449 41399
98.142689 0.057045 41499
98.101562 0.020044 41599
98.187500 0.049228 41699
98.109375 0.050072 41799
98.298891 0.059893 41899
98.164062 0.046462 41999
98.203125 0.068722 42099
98.023438 0.013222 42199
98.371479 0.048796 42299
98.289062 0.020064 42399
98.312500 0.052143 42499
97.906250 0.054047 42599
98.447266 0.072001 42699
98.320312 0.111272 42799
98.312500 0.014093 42899
98.296875 0.046862 42999
98.305829 0.024073 43099
98.171875 0.064496 43199
98.179688 0.022022 43299
98.164062 0.049567 43399
98.389668 0.029519 43499
98.500000 0.045945 43599
98.070312 0.067680 43699
98.214286 0.058137 43799
98.476562 0.036137 43899
98.312500 0.124194 43999
98.140625 0.035616 44099
98.876953 0.012608 44199
98.414062 0.055034 44299
98.156250 0.069390 44399
98.421875 0.049999 44499
98.312500 0.056901 44599
98.375000 0.033118 44699
98.140625 0.023345 44799
98.046875 0.012297 44899
97.977941 0.056243 44999
98.492188 0.065526 45099
98.265625 0.100487 45199
98.250000 0.080902 45299
98.582849 0.028136 45399
98.453125 0.049006 45499
98.640625 0.012281 45599
98.476562 0.031394 45699
98.497596 0.020477 45799
98.656250 0.003456 45899
98.156250 0.028683 45999
98.132812 0.036909 46099
98.616803 0.027430 46199
98.468750 0.023423 46299
98.507812 0.007681 46399
98.273438 0.078456 46499
98.303571 0.037779 46599
98.531250 0.135608 46699
98.250000 0.064886 46799
98.281250 0.043219 46899
98.437500 0.014703 46999
98.140625 0.103357 47099
98.453125 0.017479 47199
98.500000 0.036692 47299
98.153409 0.073451 47399
98.523438 0.049791 47499
98.445312 0.062587 47599
98.109375 0.058747 47699
98.228093 0.024215 47799
98.484375 0.071665 47899
98.375000 0.046059 47999
99.479167 0.011811 48099
98.539062 0.015844 48199
98.210938 0.089118 48299
98.085938 0.059237 48399
98.125000 0.026538 48499
98.546875 0.023446 48599
98.445312 0.024695 48699
98.398438 0.065125 48799
98.372396 0.015959 48899
98.289062 0.099691 48999
98.468750 0.056156 49099
98.507812 0.006556 49199
98.697917 0.037376 49299
98.710938 0.070251 49399
98.515625 0.059960 49499
98.484375 0.008982 49599
98.549107 0.060104 49699
98.398438 0.022539 49799
98.132812 0.040968 49899
98.515625 0.028098 49999
98.621324 0.039848 50099
98.421875 0.104234 50199
98.312500 0.011450 50299
98.218750 0.051307 50399
98.515625 0.059165 50499
98.578125 0.035120 50599
98.406250 0.021980 50699
98.414062 0.076426 50799
98.437500 0.062737 50899
